{
 "cells": [
  {
   "cell_type": "code",
   "execution_count": 2,
   "metadata": {},
   "outputs": [
    {
     "name": "stderr",
     "output_type": "stream",
     "text": [
      "C:\\ProgramData\\Anaconda3\\lib\\site-packages\\h5py\\__init__.py:36: FutureWarning: Conversion of the second argument of issubdtype from `float` to `np.floating` is deprecated. In future, it will be treated as `np.float64 == np.dtype(float).type`.\n",
      "  from ._conv import register_converters as _register_converters\n"
     ]
    }
   ],
   "source": [
    "import pandas as pd\n",
    "from scipy.spatial.distance import cosine\n",
    "import numpy as np\n",
    "from scipy.sparse import csr_matrix\n",
    "from __future__ import division\n",
    "import matplotlib.pyplot as plt\n",
    "from scipy import fft, arange, signal\n",
    "import tensorflow as tf\n",
    "%matplotlib inline"
   ]
  },
  {
   "cell_type": "code",
   "execution_count": 3,
   "metadata": {},
   "outputs": [],
   "source": [
    "data = pd.read_csv(\"train_data_400.csv\")\n",
    "test = pd.read_csv(\"test_data_400.csv\")"
   ]
  },
  {
   "cell_type": "code",
   "execution_count": 5,
   "metadata": {},
   "outputs": [
    {
     "name": "stdout",
     "output_type": "stream",
     "text": [
      "-------------------------------------------------- \n",
      "action_id: dws\n",
      "(11, 11)\n",
      "[[1.    0.079 0.115 0.977 0.015 0.009 0.063 0.016 0.034 0.023 0.017]\n",
      " [0.079 1.    0.135 0.085 0.005 0.005 0.048 0.019 0.002 0.017 0.019]\n",
      " [0.115 0.135 1.    0.193 0.132 0.098 0.04  0.004 0.094 0.034 0.036]\n",
      " [0.977 0.085 0.193 1.    0.045 0.008 0.077 0.002 0.03  0.017 0.005]\n",
      " [0.015 0.005 0.132 0.045 1.    0.006 0.024 0.207 0.084 0.034 0.284]\n",
      " [0.009 0.005 0.098 0.008 0.006 1.    0.079 0.324 0.046 0.08  0.02 ]\n",
      " [0.063 0.048 0.04  0.077 0.024 0.079 1.    0.065 0.019 0.019 0.064]\n",
      " [0.016 0.019 0.004 0.002 0.207 0.324 0.065 1.    0.07  0.033 0.133]\n",
      " [0.034 0.002 0.094 0.03  0.084 0.046 0.019 0.07  1.    0.073 0.124]\n",
      " [0.023 0.017 0.034 0.017 0.034 0.08  0.019 0.033 0.073 1.    0.078]\n",
      " [0.017 0.019 0.036 0.005 0.284 0.02  0.064 0.133 0.124 0.078 1.   ]]\n",
      "\n",
      " 1\n",
      "10\n",
      "attitude.pitch, attitude.yaw, gravity.x, gravity.z, rotationRate.x, rotationRate.y, rotationRate.z, userAcceleration.x, userAcceleration.y, userAcceleration.z, \n",
      " --------------------------------------------------\n",
      "-------------------------------------------------- \n",
      "action_id: jog\n",
      "(11, 11)\n",
      "[[1.    0.018 0.239 0.958 0.134 0.002 0.017 0.028 0.023 0.082 0.047]\n",
      " [0.018 1.    0.06  0.007 0.124 0.034 0.019 0.006 0.034 0.074 0.087]\n",
      " [0.239 0.06  1.    0.221 0.319 0.024 0.036 0.005 0.079 0.005 0.108]\n",
      " [0.958 0.007 0.221 1.    0.046 0.003 0.003 0.019 0.02  0.052 0.022]\n",
      " [0.134 0.124 0.319 0.046 1.    0.031 0.025 0.153 0.164 0.01  0.426]\n",
      " [0.002 0.034 0.024 0.003 0.031 1.    0.085 0.433 0.01  0.106 0.028]\n",
      " [0.017 0.019 0.036 0.003 0.025 0.085 1.    0.03  0.068 0.091 0.012]\n",
      " [0.028 0.006 0.005 0.019 0.153 0.433 0.03  1.    0.146 0.024 0.063]\n",
      " [0.023 0.034 0.079 0.02  0.164 0.01  0.068 0.146 1.    0.053 0.164]\n",
      " [0.082 0.074 0.005 0.052 0.01  0.106 0.091 0.024 0.053 1.    0.069]\n",
      " [0.047 0.087 0.108 0.022 0.426 0.028 0.012 0.063 0.164 0.069 1.   ]]\n",
      "\n",
      " 1\n",
      "10\n",
      "attitude.pitch, attitude.yaw, gravity.x, gravity.z, rotationRate.x, rotationRate.y, rotationRate.z, userAcceleration.x, userAcceleration.y, userAcceleration.z, \n",
      " --------------------------------------------------\n",
      "-------------------------------------------------- \n",
      "action_id: ups\n",
      "(11, 11)\n",
      "[[1.    0.154 0.093 0.969 0.192 0.001 0.103 0.026 0.005 0.119 0.05 ]\n",
      " [0.154 1.    0.141 0.146 0.001 0.009 0.003 0.02  0.001 0.011 0.009]\n",
      " [0.093 0.141 1.    0.101 0.266 0.013 0.042 0.012 0.165 0.041 0.125]\n",
      " [0.969 0.146 0.101 1.    0.13  0.001 0.093 0.02  0.02  0.104 0.027]\n",
      " [0.192 0.001 0.266 0.13  1.    0.005 0.082 0.075 0.21  0.127 0.374]\n",
      " [0.001 0.009 0.013 0.001 0.005 1.    0.24  0.508 0.089 0.024 0.064]\n",
      " [0.103 0.003 0.042 0.093 0.082 0.24  1.    0.068 0.052 0.096 0.032]\n",
      " [0.026 0.02  0.012 0.02  0.075 0.508 0.068 1.    0.068 0.03  0.051]\n",
      " [0.005 0.001 0.165 0.02  0.21  0.089 0.052 0.068 1.    0.04  0.253]\n",
      " [0.119 0.011 0.041 0.104 0.127 0.024 0.096 0.03  0.04  1.    0.15 ]\n",
      " [0.05  0.009 0.125 0.027 0.374 0.064 0.032 0.051 0.253 0.15  1.   ]]\n",
      "\n",
      " 2\n",
      "9\n",
      "attitude.pitch, attitude.yaw, gravity.x, gravity.z, rotationRate.x, rotationRate.y, userAcceleration.x, userAcceleration.y, userAcceleration.z, \n",
      " --------------------------------------------------\n",
      "-------------------------------------------------- \n",
      "action_id: wlk\n",
      "(11, 11)\n",
      "[[1.    0.17  0.074 0.97  0.032 0.    0.091 0.011 0.018 0.065 0.007]\n",
      " [0.17  1.    0.053 0.179 0.09  0.035 0.037 0.047 0.054 0.024 0.082]\n",
      " [0.074 0.053 1.    0.075 0.264 0.043 0.003 0.026 0.158 0.039 0.106]\n",
      " [0.97  0.179 0.075 1.    0.029 0.002 0.045 0.002 0.012 0.046 0.022]\n",
      " [0.032 0.09  0.264 0.029 1.    0.008 0.105 0.172 0.308 0.1   0.361]\n",
      " [0.    0.035 0.043 0.002 0.008 1.    0.204 0.514 0.058 0.098 0.003]\n",
      " [0.091 0.037 0.003 0.045 0.105 0.204 1.    0.124 0.    0.144 0.008]\n",
      " [0.011 0.047 0.026 0.002 0.172 0.514 0.124 1.    0.045 0.037 0.019]\n",
      " [0.018 0.054 0.158 0.012 0.308 0.058 0.    0.045 1.    0.041 0.347]\n",
      " [0.065 0.024 0.039 0.046 0.1   0.098 0.144 0.037 0.041 1.    0.207]\n",
      " [0.007 0.082 0.106 0.022 0.361 0.003 0.008 0.019 0.347 0.207 1.   ]]\n",
      "\n",
      " 2\n",
      "9\n",
      "attitude.pitch, attitude.yaw, gravity.x, gravity.z, rotationRate.x, rotationRate.y, userAcceleration.x, userAcceleration.y, userAcceleration.z, \n",
      " --------------------------------------------------\n",
      "-------------------------------------------------- \n",
      "action_id: sit\n",
      "(11, 11)\n",
      "[[1.    0.151 0.023 0.995 0.064 0.021 0.086 0.024 0.003 0.015 0.043]\n",
      " [0.151 1.    0.005 0.15  0.151 0.064 0.003 0.042 0.025 0.007 0.002]\n",
      " [0.023 0.005 1.    0.037 0.648 0.038 0.023 0.065 0.013 0.128 0.04 ]\n",
      " [0.995 0.15  0.037 1.    0.062 0.017 0.07  0.011 0.002 0.011 0.046]\n",
      " [0.064 0.151 0.648 0.062 1.    0.033 0.027 0.03  0.045 0.24  0.031]\n",
      " [0.021 0.064 0.038 0.017 0.033 1.    0.166 0.082 0.126 0.095 0.168]\n",
      " [0.086 0.003 0.023 0.07  0.027 0.166 1.    0.151 0.044 0.042 0.039]\n",
      " [0.024 0.042 0.065 0.011 0.03  0.082 0.151 1.    0.021 0.011 0.092]\n",
      " [0.003 0.025 0.013 0.002 0.045 0.126 0.044 0.021 1.    0.135 0.141]\n",
      " [0.015 0.007 0.128 0.011 0.24  0.095 0.042 0.011 0.135 1.    0.082]\n",
      " [0.043 0.002 0.04  0.046 0.031 0.168 0.039 0.092 0.141 0.082 1.   ]]\n",
      "\n",
      " 2\n",
      "9\n",
      "attitude.pitch, attitude.yaw, gravity.x, rotationRate.x, rotationRate.y, rotationRate.z, userAcceleration.x, userAcceleration.y, userAcceleration.z, \n",
      " --------------------------------------------------\n",
      "-------------------------------------------------- \n",
      "action_id: std\n",
      "(11, 11)\n",
      "[[1.    0.075 0.025 0.97  0.078 0.022 0.021 0.005 0.003 0.01  0.117]\n",
      " [0.075 1.    0.297 0.037 0.028 0.031 0.009 0.016 0.058 0.04  0.039]\n",
      " [0.025 0.297 1.    0.057 0.091 0.015 0.02  0.003 0.012 0.037 0.008]\n",
      " [0.97  0.037 0.057 1.    0.079 0.024 0.014 0.001 0.01  0.013 0.106]\n",
      " [0.078 0.028 0.091 0.079 1.    0.006 0.016 0.004 0.05  0.055 0.055]\n",
      " [0.022 0.031 0.015 0.024 0.006 1.    0.038 0.082 0.004 0.038 0.019]\n",
      " [0.021 0.009 0.02  0.014 0.016 0.038 1.    0.072 0.007 0.016 0.056]\n",
      " [0.005 0.016 0.003 0.001 0.004 0.082 0.072 1.    0.073 0.002 0.049]\n",
      " [0.003 0.058 0.012 0.01  0.05  0.004 0.007 0.073 1.    0.065 0.077]\n",
      " [0.01  0.04  0.037 0.013 0.055 0.038 0.016 0.002 0.065 1.    0.034]\n",
      " [0.117 0.039 0.008 0.106 0.055 0.019 0.056 0.049 0.077 0.034 1.   ]]\n",
      "\n",
      " 1\n",
      "10\n",
      "attitude.pitch, attitude.yaw, gravity.x, gravity.z, rotationRate.x, rotationRate.y, rotationRate.z, userAcceleration.x, userAcceleration.y, userAcceleration.z, \n",
      " --------------------------------------------------\n",
      "[1, 1, 1, 0, 1, 1, 1, 1, 1, 1, 1]\n",
      "[1, 1, 1, 0, 1, 1, 1, 1, 1, 1, 1]\n",
      "[1, 1, 1, 0, 1, 1, 1, 0, 1, 1, 1]\n",
      "[1, 1, 1, 0, 1, 1, 1, 0, 1, 1, 1]\n",
      "[1, 1, 1, 0, 0, 1, 1, 1, 1, 1, 1]\n",
      "[1, 1, 1, 0, 1, 1, 1, 1, 1, 1, 1]\n"
     ]
    }
   ],
   "source": [
    "action_list = ['dws', 'jog', 'ups', 'wlk','sit','std']\n",
    "\n",
    "\n",
    "#user_id=1\n",
    "#t_data = data.loc[(data['action_id'].str.match(action_id+\"$\") ) & (data['user_id'] == user_id)]\n",
    "\n",
    "total_list = []\n",
    "curve_acc = 0.5\n",
    "\n",
    "for action_id in action_list:\n",
    "  print(\"-\"*50,\"\\naction_id:\",action_id)\n",
    "  t_data = data.loc[(data['action_id'].str.match(action_id) )]\n",
    "  t_data = t_data.drop(['action_id','user_id', 'time_50hz'], axis=1)\n",
    "  t_data.pop(t_data.columns[0]) #remove index\n",
    "\n",
    "\n",
    "  e = t_data.T\n",
    "  #e = t_data\n",
    "  c = np.corrcoef(e)\n",
    "\n",
    "  e = np.abs(c)\n",
    "  print(e.shape)\n",
    "  #print(b)\n",
    "  #print(*e, sep=\"\\n\")\n",
    "  #print(e.shape)\n",
    "\n",
    "  curve = curve_acc\n",
    "  cnt_t = 0\n",
    "\n",
    "  target = [1]*len(e)\n",
    "\n",
    "  print(np.around(e, decimals=3))\n",
    "\n",
    "  for i in range(len(e)):\n",
    "      cnt = 0\n",
    "      for j in range(i+1, len(e)):\n",
    "          if e[i][j] > 1-curve and  target[j] == 1:\n",
    "              cnt+=1\n",
    "              target[j] = 0\n",
    "              cnt_t += cnt\n",
    "  #    print(cnt, end=\", \")\n",
    "\n",
    "\n",
    "  print(\"\\n\", cnt_t)\n",
    "  print(np.sum(target))\n",
    "  for i in range(len(target)):\n",
    "    if target[i]:\n",
    "      print(t_data.columns[i], end=', ')\n",
    "  total_list.append(target)\n",
    "\n",
    "  print(\"\\n\",\"-\"*50)\n",
    "  \n",
    "print(*total_list, sep=\"\\n\")"
   ]
  },
  {
   "cell_type": "code",
   "execution_count": 6,
   "metadata": {},
   "outputs": [
    {
     "data": {
      "text/html": [
       "<div>\n",
       "<style scoped>\n",
       "    .dataframe tbody tr th:only-of-type {\n",
       "        vertical-align: middle;\n",
       "    }\n",
       "\n",
       "    .dataframe tbody tr th {\n",
       "        vertical-align: top;\n",
       "    }\n",
       "\n",
       "    .dataframe thead th {\n",
       "        text-align: right;\n",
       "    }\n",
       "</style>\n",
       "<table border=\"1\" class=\"dataframe\">\n",
       "  <thead>\n",
       "    <tr style=\"text-align: right;\">\n",
       "      <th></th>\n",
       "      <th>attitude.pitch</th>\n",
       "      <th>attitude.yaw</th>\n",
       "      <th>gravity.x</th>\n",
       "      <th>gravity.y</th>\n",
       "      <th>gravity.z</th>\n",
       "      <th>rotationRate.x</th>\n",
       "      <th>rotationRate.y</th>\n",
       "      <th>rotationRate.z</th>\n",
       "      <th>userAcceleration.x</th>\n",
       "      <th>userAcceleration.y</th>\n",
       "      <th>userAcceleration.z</th>\n",
       "    </tr>\n",
       "  </thead>\n",
       "  <tbody>\n",
       "    <tr>\n",
       "      <th>84000</th>\n",
       "      <td>-1.051363</td>\n",
       "      <td>1.611548</td>\n",
       "      <td>0.496386</td>\n",
       "      <td>0.868100</td>\n",
       "      <td>0.001555</td>\n",
       "      <td>-0.027765</td>\n",
       "      <td>-0.014517</td>\n",
       "      <td>0.096305</td>\n",
       "      <td>0.019346</td>\n",
       "      <td>0.030886</td>\n",
       "      <td>0.008607</td>\n",
       "    </tr>\n",
       "    <tr>\n",
       "      <th>84001</th>\n",
       "      <td>-1.051097</td>\n",
       "      <td>1.611145</td>\n",
       "      <td>0.496618</td>\n",
       "      <td>0.867968</td>\n",
       "      <td>0.001137</td>\n",
       "      <td>-0.031915</td>\n",
       "      <td>-0.006982</td>\n",
       "      <td>0.079159</td>\n",
       "      <td>-0.069464</td>\n",
       "      <td>0.063764</td>\n",
       "      <td>-0.021080</td>\n",
       "    </tr>\n",
       "    <tr>\n",
       "      <th>84002</th>\n",
       "      <td>-1.050255</td>\n",
       "      <td>1.612825</td>\n",
       "      <td>0.497346</td>\n",
       "      <td>0.867550</td>\n",
       "      <td>0.001825</td>\n",
       "      <td>-0.041191</td>\n",
       "      <td>0.001830</td>\n",
       "      <td>0.014990</td>\n",
       "      <td>-0.073061</td>\n",
       "      <td>0.046253</td>\n",
       "      <td>-0.026514</td>\n",
       "    </tr>\n",
       "    <tr>\n",
       "      <th>84003</th>\n",
       "      <td>-1.053220</td>\n",
       "      <td>1.614236</td>\n",
       "      <td>0.494771</td>\n",
       "      <td>0.869021</td>\n",
       "      <td>0.001949</td>\n",
       "      <td>-0.073207</td>\n",
       "      <td>-0.057491</td>\n",
       "      <td>-0.041800</td>\n",
       "      <td>-0.037023</td>\n",
       "      <td>-0.020236</td>\n",
       "      <td>0.048161</td>\n",
       "    </tr>\n",
       "    <tr>\n",
       "      <th>84004</th>\n",
       "      <td>-1.054274</td>\n",
       "      <td>1.618206</td>\n",
       "      <td>0.493848</td>\n",
       "      <td>0.869542</td>\n",
       "      <td>0.003291</td>\n",
       "      <td>-0.103940</td>\n",
       "      <td>-0.024308</td>\n",
       "      <td>-0.054876</td>\n",
       "      <td>-0.022626</td>\n",
       "      <td>-0.037312</td>\n",
       "      <td>0.048344</td>\n",
       "    </tr>\n",
       "    <tr>\n",
       "      <th>84005</th>\n",
       "      <td>-1.054344</td>\n",
       "      <td>1.624517</td>\n",
       "      <td>0.493762</td>\n",
       "      <td>0.869576</td>\n",
       "      <td>0.006022</td>\n",
       "      <td>-0.146610</td>\n",
       "      <td>-0.008187</td>\n",
       "      <td>-0.047686</td>\n",
       "      <td>0.023450</td>\n",
       "      <td>-0.003472</td>\n",
       "      <td>0.015142</td>\n",
       "    </tr>\n",
       "    <tr>\n",
       "      <th>84006</th>\n",
       "      <td>-1.055112</td>\n",
       "      <td>1.631102</td>\n",
       "      <td>0.493054</td>\n",
       "      <td>0.869955</td>\n",
       "      <td>0.008673</td>\n",
       "      <td>-0.164824</td>\n",
       "      <td>-0.017740</td>\n",
       "      <td>-0.040323</td>\n",
       "      <td>0.044559</td>\n",
       "      <td>0.063455</td>\n",
       "      <td>-0.041068</td>\n",
       "    </tr>\n",
       "    <tr>\n",
       "      <th>84007</th>\n",
       "      <td>-1.055771</td>\n",
       "      <td>1.637890</td>\n",
       "      <td>0.492417</td>\n",
       "      <td>0.870280</td>\n",
       "      <td>0.011753</td>\n",
       "      <td>-0.175301</td>\n",
       "      <td>0.035518</td>\n",
       "      <td>-0.029782</td>\n",
       "      <td>0.048583</td>\n",
       "      <td>0.065068</td>\n",
       "      <td>-0.057133</td>\n",
       "    </tr>\n",
       "    <tr>\n",
       "      <th>84008</th>\n",
       "      <td>-1.056432</td>\n",
       "      <td>1.651168</td>\n",
       "      <td>0.491626</td>\n",
       "      <td>0.870606</td>\n",
       "      <td>0.018687</td>\n",
       "      <td>-0.206295</td>\n",
       "      <td>0.065316</td>\n",
       "      <td>0.007345</td>\n",
       "      <td>-0.012607</td>\n",
       "      <td>0.011581</td>\n",
       "      <td>0.062459</td>\n",
       "    </tr>\n",
       "    <tr>\n",
       "      <th>84009</th>\n",
       "      <td>-1.055952</td>\n",
       "      <td>1.657187</td>\n",
       "      <td>0.491911</td>\n",
       "      <td>0.870369</td>\n",
       "      <td>0.021918</td>\n",
       "      <td>-0.111402</td>\n",
       "      <td>0.067055</td>\n",
       "      <td>0.022960</td>\n",
       "      <td>-0.036482</td>\n",
       "      <td>0.023597</td>\n",
       "      <td>0.013650</td>\n",
       "    </tr>\n",
       "    <tr>\n",
       "      <th>84010</th>\n",
       "      <td>-1.055540</td>\n",
       "      <td>1.661548</td>\n",
       "      <td>0.492158</td>\n",
       "      <td>0.870166</td>\n",
       "      <td>0.024303</td>\n",
       "      <td>-0.118932</td>\n",
       "      <td>0.038379</td>\n",
       "      <td>0.007989</td>\n",
       "      <td>-0.040864</td>\n",
       "      <td>0.024075</td>\n",
       "      <td>-0.015559</td>\n",
       "    </tr>\n",
       "    <tr>\n",
       "      <th>84011</th>\n",
       "      <td>-1.056315</td>\n",
       "      <td>1.668141</td>\n",
       "      <td>0.491321</td>\n",
       "      <td>0.870548</td>\n",
       "      <td>0.027380</td>\n",
       "      <td>-0.140278</td>\n",
       "      <td>0.005561</td>\n",
       "      <td>-0.024170</td>\n",
       "      <td>-0.015094</td>\n",
       "      <td>0.002774</td>\n",
       "      <td>0.010431</td>\n",
       "    </tr>\n",
       "    <tr>\n",
       "      <th>84012</th>\n",
       "      <td>-1.056713</td>\n",
       "      <td>1.673553</td>\n",
       "      <td>0.490838</td>\n",
       "      <td>0.870744</td>\n",
       "      <td>0.029723</td>\n",
       "      <td>-0.129585</td>\n",
       "      <td>0.008728</td>\n",
       "      <td>-0.026236</td>\n",
       "      <td>0.024543</td>\n",
       "      <td>0.001632</td>\n",
       "      <td>0.018327</td>\n",
       "    </tr>\n",
       "    <tr>\n",
       "      <th>84013</th>\n",
       "      <td>-1.056915</td>\n",
       "      <td>1.678808</td>\n",
       "      <td>0.490517</td>\n",
       "      <td>0.870843</td>\n",
       "      <td>0.032022</td>\n",
       "      <td>-0.127504</td>\n",
       "      <td>0.010796</td>\n",
       "      <td>-0.012337</td>\n",
       "      <td>0.024528</td>\n",
       "      <td>0.009604</td>\n",
       "      <td>0.008780</td>\n",
       "    </tr>\n",
       "    <tr>\n",
       "      <th>84014</th>\n",
       "      <td>-1.056442</td>\n",
       "      <td>1.683719</td>\n",
       "      <td>0.490773</td>\n",
       "      <td>0.870611</td>\n",
       "      <td>0.034332</td>\n",
       "      <td>-0.125380</td>\n",
       "      <td>0.020329</td>\n",
       "      <td>-0.000581</td>\n",
       "      <td>0.011256</td>\n",
       "      <td>0.009745</td>\n",
       "      <td>-0.001068</td>\n",
       "    </tr>\n",
       "    <tr>\n",
       "      <th>84015</th>\n",
       "      <td>-1.056245</td>\n",
       "      <td>1.688824</td>\n",
       "      <td>0.490779</td>\n",
       "      <td>0.870514</td>\n",
       "      <td>0.036633</td>\n",
       "      <td>-0.124390</td>\n",
       "      <td>0.005403</td>\n",
       "      <td>0.001582</td>\n",
       "      <td>-0.003230</td>\n",
       "      <td>0.006470</td>\n",
       "      <td>0.008701</td>\n",
       "    </tr>\n",
       "    <tr>\n",
       "      <th>84016</th>\n",
       "      <td>-1.056051</td>\n",
       "      <td>1.693527</td>\n",
       "      <td>0.490796</td>\n",
       "      <td>0.870418</td>\n",
       "      <td>0.038627</td>\n",
       "      <td>-0.109511</td>\n",
       "      <td>-0.008493</td>\n",
       "      <td>0.000635</td>\n",
       "      <td>-0.011578</td>\n",
       "      <td>0.013203</td>\n",
       "      <td>-0.000556</td>\n",
       "    </tr>\n",
       "    <tr>\n",
       "      <th>84017</th>\n",
       "      <td>-1.056821</td>\n",
       "      <td>1.696550</td>\n",
       "      <td>0.490039</td>\n",
       "      <td>0.870797</td>\n",
       "      <td>0.039681</td>\n",
       "      <td>-0.089189</td>\n",
       "      <td>-0.002158</td>\n",
       "      <td>-0.003511</td>\n",
       "      <td>-0.009799</td>\n",
       "      <td>0.025581</td>\n",
       "      <td>-0.015221</td>\n",
       "    </tr>\n",
       "    <tr>\n",
       "      <th>84018</th>\n",
       "      <td>-1.056830</td>\n",
       "      <td>1.699745</td>\n",
       "      <td>0.489920</td>\n",
       "      <td>0.870801</td>\n",
       "      <td>0.041032</td>\n",
       "      <td>-0.071033</td>\n",
       "      <td>-0.002204</td>\n",
       "      <td>-0.007657</td>\n",
       "      <td>-0.008215</td>\n",
       "      <td>0.022387</td>\n",
       "      <td>0.005080</td>\n",
       "    </tr>\n",
       "    <tr>\n",
       "      <th>84019</th>\n",
       "      <td>-1.057416</td>\n",
       "      <td>1.703343</td>\n",
       "      <td>0.489267</td>\n",
       "      <td>0.871089</td>\n",
       "      <td>0.042684</td>\n",
       "      <td>-0.057149</td>\n",
       "      <td>0.003072</td>\n",
       "      <td>-0.006503</td>\n",
       "      <td>-0.005029</td>\n",
       "      <td>0.017644</td>\n",
       "      <td>0.013254</td>\n",
       "    </tr>\n",
       "    <tr>\n",
       "      <th>84020</th>\n",
       "      <td>-1.057583</td>\n",
       "      <td>1.707168</td>\n",
       "      <td>0.488952</td>\n",
       "      <td>0.871172</td>\n",
       "      <td>0.044565</td>\n",
       "      <td>-0.053979</td>\n",
       "      <td>0.004104</td>\n",
       "      <td>-0.000076</td>\n",
       "      <td>0.001069</td>\n",
       "      <td>0.015349</td>\n",
       "      <td>0.019110</td>\n",
       "    </tr>\n",
       "    <tr>\n",
       "      <th>84021</th>\n",
       "      <td>-1.057394</td>\n",
       "      <td>1.710697</td>\n",
       "      <td>0.488964</td>\n",
       "      <td>0.871078</td>\n",
       "      <td>0.046225</td>\n",
       "      <td>-0.048785</td>\n",
       "      <td>-0.017250</td>\n",
       "      <td>0.008533</td>\n",
       "      <td>0.009190</td>\n",
       "      <td>0.017639</td>\n",
       "      <td>0.011102</td>\n",
       "    </tr>\n",
       "    <tr>\n",
       "      <th>84022</th>\n",
       "      <td>-1.056948</td>\n",
       "      <td>1.714003</td>\n",
       "      <td>0.489223</td>\n",
       "      <td>0.870860</td>\n",
       "      <td>0.047590</td>\n",
       "      <td>-0.030752</td>\n",
       "      <td>-0.039676</td>\n",
       "      <td>0.007620</td>\n",
       "      <td>0.010915</td>\n",
       "      <td>0.015493</td>\n",
       "      <td>0.014818</td>\n",
       "    </tr>\n",
       "    <tr>\n",
       "      <th>84023</th>\n",
       "      <td>-1.056770</td>\n",
       "      <td>1.716088</td>\n",
       "      <td>0.489314</td>\n",
       "      <td>0.870772</td>\n",
       "      <td>0.048248</td>\n",
       "      <td>-0.026451</td>\n",
       "      <td>-0.036471</td>\n",
       "      <td>0.002305</td>\n",
       "      <td>0.005696</td>\n",
       "      <td>0.010637</td>\n",
       "      <td>0.015763</td>\n",
       "    </tr>\n",
       "    <tr>\n",
       "      <th>84024</th>\n",
       "      <td>-1.056755</td>\n",
       "      <td>1.720334</td>\n",
       "      <td>0.489129</td>\n",
       "      <td>0.870764</td>\n",
       "      <td>0.050226</td>\n",
       "      <td>-0.014657</td>\n",
       "      <td>-0.024769</td>\n",
       "      <td>-0.001902</td>\n",
       "      <td>-0.001153</td>\n",
       "      <td>0.006967</td>\n",
       "      <td>0.027884</td>\n",
       "    </tr>\n",
       "    <tr>\n",
       "      <th>84025</th>\n",
       "      <td>-1.058628</td>\n",
       "      <td>1.724739</td>\n",
       "      <td>0.487267</td>\n",
       "      <td>0.871684</td>\n",
       "      <td>0.052324</td>\n",
       "      <td>-0.017842</td>\n",
       "      <td>-0.006655</td>\n",
       "      <td>-0.000868</td>\n",
       "      <td>-0.017159</td>\n",
       "      <td>0.019231</td>\n",
       "      <td>0.018614</td>\n",
       "    </tr>\n",
       "    <tr>\n",
       "      <th>84026</th>\n",
       "      <td>-1.059359</td>\n",
       "      <td>1.727654</td>\n",
       "      <td>0.486480</td>\n",
       "      <td>0.872042</td>\n",
       "      <td>0.053661</td>\n",
       "      <td>-0.047671</td>\n",
       "      <td>-0.004383</td>\n",
       "      <td>-0.009631</td>\n",
       "      <td>-0.015258</td>\n",
       "      <td>0.020429</td>\n",
       "      <td>0.021702</td>\n",
       "    </tr>\n",
       "    <tr>\n",
       "      <th>84027</th>\n",
       "      <td>-1.060960</td>\n",
       "      <td>1.732934</td>\n",
       "      <td>0.484802</td>\n",
       "      <td>0.872824</td>\n",
       "      <td>0.056078</td>\n",
       "      <td>-0.056143</td>\n",
       "      <td>-0.003223</td>\n",
       "      <td>-0.024658</td>\n",
       "      <td>-0.017333</td>\n",
       "      <td>0.018762</td>\n",
       "      <td>0.020017</td>\n",
       "    </tr>\n",
       "    <tr>\n",
       "      <th>84028</th>\n",
       "      <td>-1.062890</td>\n",
       "      <td>1.737707</td>\n",
       "      <td>0.482840</td>\n",
       "      <td>0.873765</td>\n",
       "      <td>0.058318</td>\n",
       "      <td>-0.040048</td>\n",
       "      <td>0.013792</td>\n",
       "      <td>-0.029921</td>\n",
       "      <td>-0.018393</td>\n",
       "      <td>0.022811</td>\n",
       "      <td>0.021196</td>\n",
       "    </tr>\n",
       "    <tr>\n",
       "      <th>84029</th>\n",
       "      <td>-1.064354</td>\n",
       "      <td>1.740149</td>\n",
       "      <td>0.481397</td>\n",
       "      <td>0.874476</td>\n",
       "      <td>0.059576</td>\n",
       "      <td>-0.003746</td>\n",
       "      <td>0.023248</td>\n",
       "      <td>-0.027551</td>\n",
       "      <td>-0.022626</td>\n",
       "      <td>0.027883</td>\n",
       "      <td>0.025645</td>\n",
       "    </tr>\n",
       "    <tr>\n",
       "      <th>...</th>\n",
       "      <td>...</td>\n",
       "      <td>...</td>\n",
       "      <td>...</td>\n",
       "      <td>...</td>\n",
       "      <td>...</td>\n",
       "      <td>...</td>\n",
       "      <td>...</td>\n",
       "      <td>...</td>\n",
       "      <td>...</td>\n",
       "      <td>...</td>\n",
       "      <td>...</td>\n",
       "    </tr>\n",
       "    <tr>\n",
       "      <th>125970</th>\n",
       "      <td>-1.542521</td>\n",
       "      <td>2.888843</td>\n",
       "      <td>-0.024212</td>\n",
       "      <td>0.999600</td>\n",
       "      <td>-0.014598</td>\n",
       "      <td>0.456157</td>\n",
       "      <td>-0.177591</td>\n",
       "      <td>0.094322</td>\n",
       "      <td>0.089504</td>\n",
       "      <td>-0.019589</td>\n",
       "      <td>0.046122</td>\n",
       "    </tr>\n",
       "    <tr>\n",
       "      <th>125971</th>\n",
       "      <td>-1.539433</td>\n",
       "      <td>-3.134284</td>\n",
       "      <td>-0.021905</td>\n",
       "      <td>0.999508</td>\n",
       "      <td>-0.022439</td>\n",
       "      <td>0.360468</td>\n",
       "      <td>-0.300992</td>\n",
       "      <td>0.134404</td>\n",
       "      <td>0.079080</td>\n",
       "      <td>-0.019497</td>\n",
       "      <td>0.012140</td>\n",
       "    </tr>\n",
       "    <tr>\n",
       "      <th>125972</th>\n",
       "      <td>-1.536531</td>\n",
       "      <td>-2.942839</td>\n",
       "      <td>-0.019015</td>\n",
       "      <td>0.999413</td>\n",
       "      <td>-0.028497</td>\n",
       "      <td>0.286715</td>\n",
       "      <td>-0.306163</td>\n",
       "      <td>0.159533</td>\n",
       "      <td>0.052859</td>\n",
       "      <td>-0.004174</td>\n",
       "      <td>-0.009070</td>\n",
       "    </tr>\n",
       "    <tr>\n",
       "      <th>125973</th>\n",
       "      <td>-1.533383</td>\n",
       "      <td>-2.793292</td>\n",
       "      <td>-0.016062</td>\n",
       "      <td>0.999300</td>\n",
       "      <td>-0.033780</td>\n",
       "      <td>0.265910</td>\n",
       "      <td>-0.198454</td>\n",
       "      <td>0.148567</td>\n",
       "      <td>0.030436</td>\n",
       "      <td>0.001875</td>\n",
       "      <td>-0.026309</td>\n",
       "    </tr>\n",
       "    <tr>\n",
       "      <th>125974</th>\n",
       "      <td>-1.529331</td>\n",
       "      <td>-2.677166</td>\n",
       "      <td>-0.013457</td>\n",
       "      <td>0.999140</td>\n",
       "      <td>-0.039208</td>\n",
       "      <td>0.274872</td>\n",
       "      <td>-0.127017</td>\n",
       "      <td>0.125037</td>\n",
       "      <td>0.013579</td>\n",
       "      <td>0.042730</td>\n",
       "      <td>-0.023643</td>\n",
       "    </tr>\n",
       "    <tr>\n",
       "      <th>125975</th>\n",
       "      <td>-1.524496</td>\n",
       "      <td>-2.594171</td>\n",
       "      <td>-0.011495</td>\n",
       "      <td>0.998928</td>\n",
       "      <td>-0.044834</td>\n",
       "      <td>0.297103</td>\n",
       "      <td>-0.195153</td>\n",
       "      <td>0.095370</td>\n",
       "      <td>0.000677</td>\n",
       "      <td>0.032032</td>\n",
       "      <td>0.018512</td>\n",
       "    </tr>\n",
       "    <tr>\n",
       "      <th>125976</th>\n",
       "      <td>-1.517960</td>\n",
       "      <td>-2.526752</td>\n",
       "      <td>-0.009883</td>\n",
       "      <td>0.998604</td>\n",
       "      <td>-0.051878</td>\n",
       "      <td>0.389743</td>\n",
       "      <td>-0.241258</td>\n",
       "      <td>0.089667</td>\n",
       "      <td>-0.011128</td>\n",
       "      <td>0.020011</td>\n",
       "      <td>0.010542</td>\n",
       "    </tr>\n",
       "    <tr>\n",
       "      <th>125977</th>\n",
       "      <td>-1.510309</td>\n",
       "      <td>-2.478080</td>\n",
       "      <td>-0.008762</td>\n",
       "      <td>0.998171</td>\n",
       "      <td>-0.059812</td>\n",
       "      <td>0.390565</td>\n",
       "      <td>-0.328481</td>\n",
       "      <td>0.056669</td>\n",
       "      <td>-0.039349</td>\n",
       "      <td>-0.027926</td>\n",
       "      <td>-0.035510</td>\n",
       "    </tr>\n",
       "    <tr>\n",
       "      <th>125978</th>\n",
       "      <td>-1.503715</td>\n",
       "      <td>-2.458319</td>\n",
       "      <td>-0.008946</td>\n",
       "      <td>0.997751</td>\n",
       "      <td>-0.066431</td>\n",
       "      <td>0.298590</td>\n",
       "      <td>-0.441888</td>\n",
       "      <td>-0.007921</td>\n",
       "      <td>-0.028011</td>\n",
       "      <td>-0.010858</td>\n",
       "      <td>-0.006948</td>\n",
       "    </tr>\n",
       "    <tr>\n",
       "      <th>125979</th>\n",
       "      <td>-1.498470</td>\n",
       "      <td>-2.459838</td>\n",
       "      <td>-0.010398</td>\n",
       "      <td>0.997386</td>\n",
       "      <td>-0.071511</td>\n",
       "      <td>0.244324</td>\n",
       "      <td>-0.455363</td>\n",
       "      <td>-0.054216</td>\n",
       "      <td>0.007315</td>\n",
       "      <td>0.020345</td>\n",
       "      <td>0.019463</td>\n",
       "    </tr>\n",
       "    <tr>\n",
       "      <th>125980</th>\n",
       "      <td>-1.493692</td>\n",
       "      <td>-2.466313</td>\n",
       "      <td>-0.012312</td>\n",
       "      <td>0.997029</td>\n",
       "      <td>-0.076038</td>\n",
       "      <td>0.225985</td>\n",
       "      <td>-0.506407</td>\n",
       "      <td>-0.060688</td>\n",
       "      <td>0.044126</td>\n",
       "      <td>0.016170</td>\n",
       "      <td>0.040851</td>\n",
       "    </tr>\n",
       "    <tr>\n",
       "      <th>125981</th>\n",
       "      <td>-1.491231</td>\n",
       "      <td>-2.437291</td>\n",
       "      <td>-0.011252</td>\n",
       "      <td>0.996836</td>\n",
       "      <td>-0.078681</td>\n",
       "      <td>0.236500</td>\n",
       "      <td>-0.538403</td>\n",
       "      <td>-0.060563</td>\n",
       "      <td>0.062720</td>\n",
       "      <td>0.014730</td>\n",
       "      <td>0.037376</td>\n",
       "    </tr>\n",
       "    <tr>\n",
       "      <th>125982</th>\n",
       "      <td>-1.486555</td>\n",
       "      <td>-2.443006</td>\n",
       "      <td>-0.013195</td>\n",
       "      <td>0.996454</td>\n",
       "      <td>-0.083101</td>\n",
       "      <td>0.217737</td>\n",
       "      <td>-0.436088</td>\n",
       "      <td>-0.056552</td>\n",
       "      <td>0.061626</td>\n",
       "      <td>0.007620</td>\n",
       "      <td>0.016679</td>\n",
       "    </tr>\n",
       "    <tr>\n",
       "      <th>125983</th>\n",
       "      <td>-1.483389</td>\n",
       "      <td>-2.399768</td>\n",
       "      <td>-0.010478</td>\n",
       "      <td>0.996182</td>\n",
       "      <td>-0.086665</td>\n",
       "      <td>0.195104</td>\n",
       "      <td>-0.245338</td>\n",
       "      <td>-0.053732</td>\n",
       "      <td>0.067775</td>\n",
       "      <td>0.006854</td>\n",
       "      <td>0.008570</td>\n",
       "    </tr>\n",
       "    <tr>\n",
       "      <th>125984</th>\n",
       "      <td>-1.479669</td>\n",
       "      <td>-2.403131</td>\n",
       "      <td>-0.011568</td>\n",
       "      <td>0.995851</td>\n",
       "      <td>-0.090263</td>\n",
       "      <td>0.175021</td>\n",
       "      <td>-0.178257</td>\n",
       "      <td>-0.028321</td>\n",
       "      <td>0.063082</td>\n",
       "      <td>-0.005388</td>\n",
       "      <td>0.002174</td>\n",
       "    </tr>\n",
       "    <tr>\n",
       "      <th>125985</th>\n",
       "      <td>-1.476492</td>\n",
       "      <td>-2.402705</td>\n",
       "      <td>-0.012329</td>\n",
       "      <td>0.995557</td>\n",
       "      <td>-0.093353</td>\n",
       "      <td>0.149099</td>\n",
       "      <td>-0.235743</td>\n",
       "      <td>-0.015609</td>\n",
       "      <td>0.022277</td>\n",
       "      <td>-0.000546</td>\n",
       "      <td>0.011383</td>\n",
       "    </tr>\n",
       "    <tr>\n",
       "      <th>125986</th>\n",
       "      <td>-1.473385</td>\n",
       "      <td>-2.403682</td>\n",
       "      <td>-0.013310</td>\n",
       "      <td>0.995259</td>\n",
       "      <td>-0.096342</td>\n",
       "      <td>0.160854</td>\n",
       "      <td>-0.246377</td>\n",
       "      <td>-0.030469</td>\n",
       "      <td>-0.008221</td>\n",
       "      <td>0.011729</td>\n",
       "      <td>0.014906</td>\n",
       "    </tr>\n",
       "    <tr>\n",
       "      <th>125987</th>\n",
       "      <td>-1.469649</td>\n",
       "      <td>-2.406311</td>\n",
       "      <td>-0.014532</td>\n",
       "      <td>0.994889</td>\n",
       "      <td>-0.099924</td>\n",
       "      <td>0.197343</td>\n",
       "      <td>-0.209177</td>\n",
       "      <td>-0.040944</td>\n",
       "      <td>-0.008814</td>\n",
       "      <td>0.013274</td>\n",
       "      <td>-0.000143</td>\n",
       "    </tr>\n",
       "    <tr>\n",
       "      <th>125988</th>\n",
       "      <td>-1.465329</td>\n",
       "      <td>-2.406410</td>\n",
       "      <td>-0.015579</td>\n",
       "      <td>0.994443</td>\n",
       "      <td>-0.104113</td>\n",
       "      <td>0.221814</td>\n",
       "      <td>-0.208261</td>\n",
       "      <td>-0.024751</td>\n",
       "      <td>-0.000824</td>\n",
       "      <td>0.002581</td>\n",
       "      <td>-0.013288</td>\n",
       "    </tr>\n",
       "    <tr>\n",
       "      <th>125989</th>\n",
       "      <td>-1.460791</td>\n",
       "      <td>-2.401023</td>\n",
       "      <td>-0.016222</td>\n",
       "      <td>0.993955</td>\n",
       "      <td>-0.108579</td>\n",
       "      <td>0.233022</td>\n",
       "      <td>-0.295773</td>\n",
       "      <td>0.005350</td>\n",
       "      <td>-0.002973</td>\n",
       "      <td>-0.007917</td>\n",
       "      <td>-0.008716</td>\n",
       "    </tr>\n",
       "    <tr>\n",
       "      <th>125990</th>\n",
       "      <td>-1.456033</td>\n",
       "      <td>-2.391867</td>\n",
       "      <td>-0.016679</td>\n",
       "      <td>0.993422</td>\n",
       "      <td>-0.113291</td>\n",
       "      <td>0.248603</td>\n",
       "      <td>-0.372596</td>\n",
       "      <td>0.022649</td>\n",
       "      <td>-0.003356</td>\n",
       "      <td>-0.007094</td>\n",
       "      <td>-0.001211</td>\n",
       "    </tr>\n",
       "    <tr>\n",
       "      <th>125991</th>\n",
       "      <td>-1.451137</td>\n",
       "      <td>-2.381012</td>\n",
       "      <td>-0.017058</td>\n",
       "      <td>0.992849</td>\n",
       "      <td>-0.118149</td>\n",
       "      <td>0.251578</td>\n",
       "      <td>-0.415247</td>\n",
       "      <td>0.030202</td>\n",
       "      <td>-0.004457</td>\n",
       "      <td>0.001200</td>\n",
       "      <td>0.006104</td>\n",
       "    </tr>\n",
       "    <tr>\n",
       "      <th>125992</th>\n",
       "      <td>-1.446166</td>\n",
       "      <td>-2.370667</td>\n",
       "      <td>-0.017583</td>\n",
       "      <td>0.992244</td>\n",
       "      <td>-0.123058</td>\n",
       "      <td>0.258898</td>\n",
       "      <td>-0.451479</td>\n",
       "      <td>0.027095</td>\n",
       "      <td>0.009969</td>\n",
       "      <td>0.005452</td>\n",
       "      <td>0.013820</td>\n",
       "    </tr>\n",
       "    <tr>\n",
       "      <th>125993</th>\n",
       "      <td>-1.442053</td>\n",
       "      <td>-2.347641</td>\n",
       "      <td>-0.016332</td>\n",
       "      <td>0.991724</td>\n",
       "      <td>-0.127344</td>\n",
       "      <td>0.248406</td>\n",
       "      <td>-0.416267</td>\n",
       "      <td>0.021642</td>\n",
       "      <td>0.029425</td>\n",
       "      <td>0.010778</td>\n",
       "      <td>0.010188</td>\n",
       "    </tr>\n",
       "    <tr>\n",
       "      <th>125994</th>\n",
       "      <td>-1.439666</td>\n",
       "      <td>-2.325506</td>\n",
       "      <td>-0.014681</td>\n",
       "      <td>0.991415</td>\n",
       "      <td>-0.129929</td>\n",
       "      <td>0.220103</td>\n",
       "      <td>-0.308550</td>\n",
       "      <td>0.014905</td>\n",
       "      <td>0.035891</td>\n",
       "      <td>0.013682</td>\n",
       "      <td>0.030579</td>\n",
       "    </tr>\n",
       "    <tr>\n",
       "      <th>125995</th>\n",
       "      <td>-1.440065</td>\n",
       "      <td>-2.283590</td>\n",
       "      <td>-0.009817</td>\n",
       "      <td>0.991467</td>\n",
       "      <td>-0.129989</td>\n",
       "      <td>0.201231</td>\n",
       "      <td>-0.236020</td>\n",
       "      <td>0.008289</td>\n",
       "      <td>0.021139</td>\n",
       "      <td>0.009342</td>\n",
       "      <td>0.015243</td>\n",
       "    </tr>\n",
       "    <tr>\n",
       "      <th>125996</th>\n",
       "      <td>-1.436944</td>\n",
       "      <td>-2.274084</td>\n",
       "      <td>-0.009380</td>\n",
       "      <td>0.991055</td>\n",
       "      <td>-0.133123</td>\n",
       "      <td>0.175729</td>\n",
       "      <td>-0.216739</td>\n",
       "      <td>0.003816</td>\n",
       "      <td>0.016079</td>\n",
       "      <td>0.008899</td>\n",
       "      <td>0.008062</td>\n",
       "    </tr>\n",
       "    <tr>\n",
       "      <th>125997</th>\n",
       "      <td>-1.433575</td>\n",
       "      <td>-2.270468</td>\n",
       "      <td>-0.009651</td>\n",
       "      <td>0.990600</td>\n",
       "      <td>-0.136450</td>\n",
       "      <td>0.149250</td>\n",
       "      <td>-0.172974</td>\n",
       "      <td>0.004644</td>\n",
       "      <td>-0.005684</td>\n",
